  0.345  0.345  0.344  0.343  0.342  0.340  0.338  0.336  0.333  0.329  0.325  0.317  0.305  0.291  0.279  0.272  0.264  0.253  0.246  0.255  0.265  0.278  0.295  0.326  0.364  0.411
  0.328  0.328  0.327  0.327  0.326  0.325  0.323  0.322  0.320  0.317  0.314  0.311  0.307  0.303  0.298  0.292  0.285  0.276  0.269  0.274  0.281  0.289  0.303  0.341  0.389  0.448
  0.312  0.312  0.313  0.313  0.314  0.315  0.316  0.317  0.319  0.320  0.323  0.322  0.317  0.310  0.304  0.300  0.294  0.287  0.283  0.294  0.307  0.323  0.345  0.383  0.431  0.491
  0.330  0.330  0.330  0.330  0.330  0.330  0.330  0.330  0.331  0.331  0.331  0.331  0.329  0.327  0.326  0.325  0.323  0.321  0.322  0.330  0.341  0.355  0.373  0.408  0.451  0.504
  0.357  0.357  0.357  0.357  0.356  0.356  0.356  0.355  0.355  0.354  0.353  0.352  0.350  0.347  0.346  0.348  0.351  0.354  0.359  0.367  0.377  0.389  0.406  0.444  0.491  0.549
  0.362  0.363  0.364  0.365  0.367  0.369  0.371  0.374  0.378  0.383  0.389  0.391  0.389  0.387  0.386  0.390  0.394  0.399  0.405  0.411  0.419  0.428  0.443  0.488  0.544  0.613
  0.383  0.384  0.385  0.387  0.389  0.392  0.395  0.399  0.404  0.410  0.418  0.423  0.425  0.428  0.430  0.432  0.434  0.437  0.441  0.447  0.455  0.465  0.480  0.522  0.574  0.639
  0.403  0.404  0.405  0.407  0.410  0.413  0.416  0.421  0.427  0.434  0.443  0.450  0.456  0.463  0.468  0.469  0.470  0.471  0.474  0.480  0.489  0.499  0.515  0.554  0.604  0.665
  0.418  0.419  0.421  0.423  0.425  0.428  0.432  0.436  0.442  0.449  0.458  0.466  0.472  0.480  0.486  0.488  0.491  0.495  0.499  0.507  0.515  0.526  0.543  0.583  0.633  0.696
  0.418  0.420  0.421  0.424  0.427  0.430  0.435  0.441  0.448  0.457  0.468  0.478  0.489  0.501  0.510  0.511  0.512  0.513  0.516  0.522  0.529  0.538  0.553  0.597  0.652  0.720
  0.420  0.422  0.425  0.428  0.431  0.436  0.442  0.449  0.458  0.469  0.483  0.494  0.502  0.512  0.520  0.521  0.523  0.526  0.530  0.537  0.546  0.557  0.574  0.619  0.674  0.743
  0.428  0.430  0.432  0.435  0.438  0.443  0.448  0.455  0.463  0.474  0.487  0.497  0.503  0.510  0.517  0.523  0.531  0.540  0.551  0.560  0.572  0.586  0.606  0.642  0.687  0.743
  0.435  0.437  0.439  0.442  0.445  0.449  0.455  0.461  0.470  0.480  0.493  0.503  0.510  0.519  0.527  0.531  0.537  0.544  0.552  0.560  0.570  0.583  0.601  0.641  0.692  0.754
  0.449  0.450  0.452  0.455  0.458  0.462  0.467  0.473  0.481  0.491  0.503  0.513  0.523  0.535  0.543  0.546  0.549  0.552  0.558  0.568  0.581  0.596  0.613  0.615  0.618  0.622
  0.451  0.453  0.455  0.458  0.462  0.467  0.473  0.481  0.490  0.502  0.517  0.529  0.538  0.550  0.558  0.559  0.561  0.563  0.567  0.577  0.589  0.604  0.619  0.612  0.602  0.591
  0.456  0.458  0.460  0.463  0.467  0.471  0.477  0.484  0.493  0.504  0.518  0.531  0.544  0.560  0.571  0.572  0.572  0.573  0.577  0.589  0.604  0.623  0.642  0.638  0.632  0.624
  0.454  0.456  0.459  0.462  0.466  0.471  0.477  0.485  0.495  0.507  0.522  0.536  0.549  0.565  0.577  0.579  0.581  0.584  0.589  0.596  0.606  0.617  0.631  0.642  0.655  0.673
  0.447  0.449  0.452  0.456  0.460  0.465  0.472  0.480  0.491  0.504  0.520  0.534  0.548  0.564  0.576  0.579  0.583  0.588  0.594  0.599  0.605  0.613  0.626  0.664  0.711  0.769
