#Mhlow Mhhi trec nwind frac  
 9.400  9.500  2.519e+09      6 2.11e-03
 9.500  9.600  4.978e+09     21 7.39e-03
 9.600  9.700  3.021e+09     18 6.33e-03
 9.700  9.800  3.772e+09     15 5.28e-03
 9.800  9.900  8.480e+08     26 9.15e-03
 9.900  10.000  1.321e+09     51 1.79e-02
 10.000  10.100  1.637e+09    101 3.55e-02
 10.100  10.200  4.166e+09    131 4.61e-02
 10.200  10.300  4.924e+09    293 1.03e-01
 10.300  10.400  4.978e+09    683 2.40e-01
 10.400  10.500  4.974e+09   1167 4.11e-01
 10.500  10.600  4.978e+09   1901 6.69e-01
 10.600  10.700  4.966e+09   2253 7.93e-01
 10.700  10.800  4.953e+09   2865 1.01e+00
 10.800  10.900  4.942e+09   3687 1.30e+00
 10.900  11.000  4.918e+09   4638 1.63e+00
 11.000  11.100  4.295e+09   5627 1.98e+00
 11.100  11.200  3.309e+09   7065 2.49e+00
 11.200  11.300  2.813e+09   8039 2.83e+00
 11.300  11.400  2.253e+09   9760 3.43e+00
 11.400  11.500  1.993e+09  10385 3.65e+00
 11.500  11.600  1.692e+09  12218 4.30e+00
 11.600  11.700  1.468e+09  12854 4.52e+00
 11.700  11.800  1.386e+09  12834 4.52e+00
 11.800  11.900  1.211e+09  15441 5.43e+00
 11.900  12.000  1.195e+09  14109 4.96e+00
 12.000  12.100  9.822e+08  14770 5.20e+00
 12.100  12.200  1.069e+09  13561 4.77e+00
 12.200  12.300  9.811e+08  13850 4.87e+00
 12.300  12.400  8.733e+08  12777 4.50e+00
 12.400  12.500  8.733e+08  13129 4.62e+00
 12.500  12.600  7.578e+08  12873 4.53e+00
 12.600  12.700  6.345e+08   8416 2.96e+00
 12.700  12.800  6.916e+08  10635 3.74e+00
 12.800  12.900  6.356e+08  10187 3.58e+00
 12.900  13.000  6.865e+08   6594 2.32e+00
 13.000  13.100  7.040e+08   7731 2.72e+00
 13.100  13.200  8.372e+08   5924 2.08e+00
 13.200  13.300  1.013e+09   2295 8.08e-01
 13.300  13.400  8.468e+08   5849 2.06e+00
 13.400  13.500  7.108e+08   5185 1.82e+00
 13.500  13.600  9.761e+08   5679 2.00e+00
 13.600  13.700  7.467e+08   2297 8.08e-01
 13.700  13.800  5.392e+08   1141 4.01e-01
 13.800  13.900  1.215e+09   5118 1.80e+00
